object Form5: TForm5
  Left = 0
  Top = 0
  Caption = 'Form5'
  ClientHeight = 480
  ClientWidth = 640
  FormFactor.Width = 320
  FormFactor.Height = 480
  FormFactor.Devices = [Desktop]
  DesignerMasterStyle = 0
  object Button1: TButton
    Align = Top
    Margins.Left = 10.000000000000000000
    Margins.Top = 5.000000000000000000
    Margins.Right = 10.000000000000000000
    Margins.Bottom = 5.000000000000000000
    Position.X = 10.000000000000000000
    Position.Y = 5.000000000000000000
    Size.Width = 620.000000000000000000
    Size.Height = 40.000000000000000000
    Size.PlatformDefault = False
    TabOrder = 3
    Text = 'Button1'
    OnClick = Button1Click
  end
  object Button2: TButton
    Align = Top
    Margins.Left = 10.000000000000000000
    Margins.Top = 5.000000000000000000
    Margins.Right = 10.000000000000000000
    Margins.Bottom = 5.000000000000000000
    Position.X = 10.000000000000000000
    Position.Y = 155.000000000000000000
    Size.Width = 620.000000000000000000
    Size.Height = 40.000000000000000000
    Size.PlatformDefault = False
    TabOrder = 2
    Text = 'Button1'
    OnClick = Button2Click
  end
  object Button3: TButton
    Align = Top
    Margins.Left = 10.000000000000000000
    Margins.Top = 5.000000000000000000
    Margins.Right = 10.000000000000000000
    Margins.Bottom = 5.000000000000000000
    Position.X = 10.000000000000000000
    Position.Y = 105.000000000000000000
    Size.Width = 620.000000000000000000
    Size.Height = 40.000000000000000000
    Size.PlatformDefault = False
    TabOrder = 1
    Text = 'Button1'
    OnClick = Button3Click
  end
  object Button5: TButton
    Align = Top
    Margins.Left = 10.000000000000000000
    Margins.Top = 5.000000000000000000
    Margins.Right = 10.000000000000000000
    Margins.Bottom = 5.000000000000000000
    Position.X = 10.000000000000000000
    Position.Y = 55.000000000000000000
    Size.Width = 620.000000000000000000
    Size.Height = 40.000000000000000000
    Size.PlatformDefault = False
    TabOrder = 0
    Text = 'Button1'
    OnClick = Button5Click
  end
end
